  111111111111111111
  211111111111111111
  311111111111111111
  411111111111111111
  511111111111111111
  611111111111111111
  711111111111111111
  811111111111111111
  921111111111111111
 1011111111111111111
 1111111111111111111
 1211111111111111111
 1311111111111111111
 1411111111111111111
 1511111111111111111
 1611111111111111111
 1711111111111111111
 1811111111111111111
 1911111111111111111
 2011111111111111111
 2111111111111111111
 2211111111111111111
 2311111111111111111
 2411111111111111111
 2511111111111111111
 2611111111111111111
 2711111111111111111
 2811111111111111111
 2921111111111111111
 3011111111111111111
 3111111111111111111
 3211111111111111111
 3311111111111111111
 3411111111111111111
 3511111111111111111
 3611111111111111111
 3711111111111111111
 3811111111111111111
 3911111111111111111
 4011111111111111111
 4111111111111111111
 4211111111111111111
 4311111111111111111
 4411111111111111111
 4521111111111111111
 4611111111111111111
 4711111111111111111
 4811111111111111111
 4911111111111111111
 5011111111111111111
 5121111111111111111
